0
347,397278 261,875122
20 40
1
0,000000 0,000000
21
46,980103 33,966400
24,634796 242,841522
55,446198 434,403381
177,100464 459,830078
377,807800 456,366211
491,409424 417,160339
541,409424 329,160309
515,930542 147,140656
452,930542 79,140671
269,587219 39,037720
94,603027 133,730652
80,867737 287,259094
172,752869 393,039551
276,359375 410,653870
446,308472 372,176270
453,308472 258,176300
403,308472 171,176300
272,277954 152,012207
163,073792 216,928284
183,073792 327,928284
269,073792 337,928284
