8
334,375610 256,645294
20 50
2
0,000000 0,000000
13
107,789368 102,500565
222,839294 91,363388
438,237610 87,207947
492,237610 143,207947
486,602356 250,788849
482,939575 356,826843
399,664551 405,317444
300,172363 418,085693
185,880310 416,368652
105,685730 320,389984
111,753845 211,337036
182,948181 159,767975
342,288208 170,427582
0,000000 0,000000
14
519,849731 38,742355
376,031555 40,946152
189,565002 36,455322
82,096619 41,455322
42,096619 78,455322
42,096619 164,455322
35,096619 245,455322
34,096619 391,523499
34,096619 449,523499
134,919312 457,834229
371,435181 456,052185
533,042847 451,406616
554,534851 302,439514
552,534851 130,439514
