9
240,688477 363,619446
20 50
1
0,000000 0,000000
23
59,387115 30,669815
202,170410 23,032562
469,363159 31,117905
526,363159 51,117905
525,363159 123,117889
412,003601 123,912720
227,069824 94,947006
125,277222 93,947006
13,336182 140,249390
60,336182 203,249390
271,226379 202,839355
349,226379 179,839355
498,874390 186,616821
544,822327 240,962921
526,822327 299,962921
433,090088 335,646820
269,397827 287,195526
138,272095 280,324707
48,617950 366,498718
81,617920 435,498718
270,582886 438,521301
430,560730 389,479614
520,684753 355,266602
