10
391,159668 214,377228
20 40
2
0,000000 0,000000
9
52,950226 28,887543
320,788696 40,257507
502,117493 63,452362
523,846375 216,461975
501,463196 412,874207
309,033386 422,843811
263,808289 259,752380
149,838013 163,221283
101,590759 284,496063
0,000000 0,000000
12
514,374023 458,220215
275,283508 460,211609
129,580200 437,246460
58,591888 325,346649
42,949463 173,577637
146,648987 86,890640
281,667603 85,890640
403,667603 100,890625
477,008423 176,147430
445,715759 352,258789
330,252258 309,878601
275,252258 182,878601
