7
467,677917 290,484894
20 50
1
0,000000 0,000000
23
532,959473 48,288864
549,364380 191,385223
557,205811 324,095673
518,205811 420,095642
417,438843 407,187683
350,417664 346,946930
321,417664 291,946930
299,867859 122,566406
251,086243 97,273315
183,086243 105,273315
149,086243 164,273315
135,276245 242,439972
188,787170 358,832611
155,787170 445,832642
67,787170 435,832642
34,431061 191,866821
44,431061 119,866821
108,198425 77,407669
171,198425 49,407669
255,187439 27,463226
354,675598 41,718613
488,183289 108,295868
497,065491 199,054688
