11
308,339905 215,793091
20 50
2
0,000000 0,000000
11
522,715271 29,146408
259,048218 33,724731
96,048218 48,724731
20,475922 137,889282
53,566620 299,527069
57,339813 426,047058
251,415955 463,625610
458,389404 463,625610
555,835205 400,017212
560,835205 271,017242
534,700684 125,938293
0,000000 0,000000
12
156,413818 382,813110
413,983826 417,742737
509,296875 319,498291
479,527283 150,213043
384,582397 70,359558
203,454163 74,230438
139,454163 108,230438
117,750122 219,147552
146,272583 321,999969
234,272583 334,999969
370,917908 329,999969
434,917908 217,999969
