13
302,186523 244,542145
20 50
2
0,000000 0,000000
12
536,691467 24,884445
331,267578 39,372055
157,599426 24,072617
15,025177 28,072617
16,025177 147,701569
25,393341 320,674286
26,892731 405,677734
58,892731 466,677734
223,450195 474,323975
454,216309 480,764587
528,216309 443,764587
542,484192 283,462769
0,000000 0,000000
18
502,457275 69,808258
317,390564 75,369644
103,904785 74,883316
68,805756 134,026367
77,219055 293,555878
108,397583 425,571899
308,861145 434,151917
451,191833 423,047180
496,466370 303,274292
466,518250 139,812164
323,645081 110,740356
187,250610 116,740356
134,585815 257,484680
192,070435 340,836243
294,038452 351,943787
374,038452 301,943787
388,038452 196,943787
290,038452 163,943787
