3
400,000000 250,000000
20 30
1
0,000000 0,000000
23
553,106323 25,985336
404,673462 51,939499
224,723694 70,637222
121,513306 140,678833
89,965240 219,812195
138,485168 275,998566
230,485168 254,998566
310,485168 200,998566
362,485168 155,998566
449,051819 121,722534
487,051819 124,722534
525,051819 185,722534
489,883545 320,443665
361,039124 352,561340
267,039124 325,561340
151,039124 310,561340
92,039124 302,561340
46,952942 370,547852
53,952942 441,547852
196,255676 479,067200
350,415466 460,861389
498,986572 418,519104
533,986572 364,519104
