6
334,375610 256,645294
20 30
2
0,000000 0,000000
10
545,062195 17,780273
370,872498 17,780273
206,476257 18,886795
33,434174 36,886795
26,434174 101,886810
48,434174 185,886810
164,326050 187,886810
363,427979 182,227661
463,039062 182,227661
552,039062 174,227661
0,000000 0,000000
11
52,429382 331,857483
212,052002 328,733612
343,987122 327,070892
478,868347 317,674377
538,330505 329,775665
565,330505 402,775696
534,330505 463,775696
442,468079 463,775696
302,189392 461,654236
144,152039 468,473145
52,320831 461,131348
